[[ 0.         -0.30213832  0.9532641 ]
 [-1.          0.          0.        ]
 [ 0.         -0.9532641  -0.30213832]] 0.380808898161 
[[ 0.         -0.30193927  0.95332716]
 [-1.          0.          0.        ]
 [ 0.         -0.95332716 -0.30193927]] 0.380688995276 
[[ 0.         -0.34990349  0.93678575]
 [-1.          0.          0.        ]
 [ 0.         -0.93678575 -0.34990349]] 0.325136688361 
[[ 0.         -0.35024077  0.93665971]
 [-1.          0.          0.        ]
 [ 0.         -0.93665971 -0.35024077]] 0.325133927808 
[[ 0.         -0.34915281  0.9370658 ]
 [-1.          0.          0.        ]
 [ 0.         -0.9370658  -0.34915281]] 0.326935545818 
